[DEFAULT]

[GOAL]
X =  115
Y = 300
RAD = 45

[DOG]
X =  63
Y = 10

[SHEEP]
N =  24
p1 =  57, 50
p2 =  44, 71
p3 =  59, 64
p4 =  73, 71
p5 =  78, 60
p6 =  82, 71
p7 =  87, 58
p8 =  96, 71
p9 =  55, 76
p10 =  64, 83
p11 =  69, 79
p12 =  50, 60
p13 =  87, 76
p14 =  95, 84
p15 =  100, 76
p16 =  105, 79
p17 =  65, 94
p18 =  69, 90
p19 =  105, 85
p20 =  79, 95
p21 =  84, 90
p22 =  90, 99
p23 =  100, 55
p24 =  105, 60

[PARAMETERS]
ai =  0.1
wi =  0.1
alpha =  7000
beta =  1400
gamma =  -140
pn =  50
ps =  5
pr =  15
pg =  20
pd =  30
zt =  6.28318531  # 2π
zo =  -1.57079633  # -π/4
zr =  1.57079633   # π/4
ra =  40

[WINDOW]
width =  450
height =  375
